0005
8971
3589
6501
8178
5852
6257
3443
1426
0269
8827
3158
0502
8571
7103
3645
6870
3299
3977
5451
3969
2047
1964
8034
6809
2662
2199
9142
7566
3895
9566
5505
7437
2706
4725
1908
3177
1600
2840
6425
9252
5330
2653
7509
1172
0365
9503
0710
5503
4265
6301
6944
2911
9148
1907
5207
8822
8448
7388
5236
4074
9954
7559
5314
6865
6292
9706
3461
5964
9061
2232
3432
9551
2056
5333
5238
3411
3410
0640
6659
2137
3669
6493
1991
0680
4339
7466
2752
2770
4725
8713
6758
1331
4470
5925
7067
7711
4923
3340
4443
2891
9264
2743
1736
4543
5576
8977
0116
3690
4687
6407
2609
6367
4011
8815
1402
4079
7154
6325
8273
3386
4050
1636
1734
9622
6537
4147
5141
7601
4505
0504
1803
3370
5812
3344
1521
8810
5923
1331
1839
1356
6895
8455
8037
9908
1161
0783
0866
1361
4611
9270
3540
5547
5730
4103
8293
5622
8662
0838
0931
0750
4273
7495
0644
0154
5008
5983
7213
9531
2778
7284
1840
3467
9112
9780
1506
9069
8708
1861
3505
0585
2285
5454
4718
5572
6389
1705
4048
0165
6552
4607
1101
2748
6970
3953
3985
2105
3577
5253
6572
3967
3391
5448
2506
7550
2416
5582
5932
5663
3542
2021
8362
0980
8745
2313
2048
8109
3912
8176
8360
0921
0702
3938
3854
7852
2814
5975
0267
8421
5763
3533
3406
6387
0267
0258
8894
9028
0198
1962
5409
7899
1184
2920
5574
1134
2373
3509
4296
8040
3425
4939
8370
4273
0456
2423
4038
6221
8409
9879
2565
3363
9483
9639
3163
9351
4053
1294
9836
2891
8341
3704
2699
3531
3070
8019
4704
9135
3497
8946
4616
8537
2537
4080
2667
2266
4850
4829
8520
1428
4142
8005
8789
6052
0825
3034
6677
3002
0679
0406
3718
3330
9589
3751
9343
9198
4815
1618
1025
4352
8173
2393
1132
3686
5589
8618
1651
9265
2195
3347
3966
8416
5167
2496
2306
5076
9219
2028
3926
7321
4714
6738
0468
4733
5585
5348
1543
7182
9088
8564
1475
0708
5093
4525
3058
4510
7059
2260
4586
8200
9575
9691
4825
4249
8532
2400
1833
2432
3268
0795
2493
6424
9465
6443
6451
7505
1878
8905
2357
9548
4843
8595
1073
2874
9495
5174
3268
7933
8868
8105
0062
4316
9918
5275
2760
9608
1016
3133
1992
5514
2190
1706
4096
8378
9033
3212
9364
8284
5050
4317
0399
9914
5137
6775
2599
8121
5545
8718
6670
7458
2714
1117
3432
2648
6707
9436
3609
2468
9303
6790
0815
4703
8002
8327
1045
7123
4472
8845
4469
7117
5704
6246
9693
8262
6136
9883
5624
2379
5895
3218
6199
1639
2275
5810
4217
0673
6664
7889
3282
2989
0417
5203
7058
8962
3026
2318
7139
3431
3483
2010
5038
5998
9683
4339
2676
8569
2297
8426
2111
8129
2170
3208
5707
3914
0287
0846
8428
1458
1834
3009
4769
7189
3848
1144
2666
4651
9798
4556
1211
6571
0721
9740
0896
2475
1961
2613
5153
0708
7827
5341
0279
4534
4702
1884
3477
0011
3140
1606
7683
0857
5695
8380
3831
0671
9867
0231
9876
4168
7471
1272
9493
3418
3704
8235
9821
1863
9660
8815
2801
0629
3359
0042
2851
2433
0701
7961
9857
1893
9068
1777
7814
1546
2545
7291
6527
0604
4135
5901
5624
1136
3398
2837
4576
2219
7138
2323
8602
0076
2625
2191
9312
7744
6180
1425
0050
7201
4594
3403
0320
3943
1264
0662
5241
6350
6060
9926
6961
2068
2914
1275
3829
2245
6584
0219
9542
2486
4033
3952
7617
9907
6188
5545
0114
2316
2850
1488
3465
9653
2979
7983
9204
6847
7888
6471
0031
3849
1725
5173
4135
2220
4606
6217
0530
8101
2593
6554
0820
0966
8984
7884
3428
9128
8425
7764
7161
1937
3471
8212
6894
9017
7319
6290
8844
0929
7903
8640
6636
4290
3154
6326
4708
8672
6674
1435
2212
2680
5880
8760
0600
0368
4028
7908
4972
6850
9851
6249
8948
8385
4980
2770
6878
2980
8231
8918
7794
2232
1313
7843
8332
2970
5599
9611
9220
4105
5612
1680
0453
7059
8293
9548
9263
8869
8951
9208
6544
3367
9708
1399
3305
8696
5230
2231
7221
2256
6400
0373
0055
5687
0247
5095
5888
0285
7861
7532
4169
0999
4638
3689
6509
7039
8220
3055
3407
1979
7165
3425
9946
4474
9915
3212
2688
7578
1647
2107
3276
0383
6782
7070
5570
5880
6600
8374
9243
3555
6236
2233
6282
2708
7539
2739
0541
9773
9299
3435
8853
7030
6864
6792
0114
4152
8228
5177
4799
9053
8937
7682
2427
3917
3422
6091
7668
9730
3403
5884
2147
2978
7253
1570
3088
6743
8924
4850
4533
0467
0188
3723
0298
4242
5297
2885
1219
0263
3796
4875
1663
4315
2970
1031
3088
1547
7989
9960
2833
8468
5122
0265
9903
2243
2514
3726
2454
4095
9541
3800
4234
0358
7612
0895
1862
1884
3011
8968
0105
7848
3212
8890
3826
1074
7075
6574
6891
9534
5613
3229
0335
8340
1304
6564
0311
3956
8799
7100
7630
2822
4530
0592
9514
8115
9077
7561
8163
7631
8110
9968
7226
8996
8578
1034
8649
9276
2640
4800
3979
7065
2673
8708
1779
7278
3851
2009
9282
5432
2718
3573
0129
9144
3135
5053
6761
9722
8383
8915
0765
5852
6258
3852
3249
8964
7063
6215
7007
9905
9206
0540
4865
1707
1539
7396
6578
1377
1959
5751
0871
1936
2494
8961
1315
2815
4045
0031
5028
2368
2416
8413
8108
5377
0241
7117
7978
7695
2208
1350
8828
5440
3502
2693
4107
5844
3496
1325
2512
2716
6584
9092
4484
2695
4279
6619
9770
9751
4519
2098
6209
2834
9939
3114
4031
6896
9151
6663
5073
0397
0348
5365
9053
9005
4021
4647
2004
8858
1662
5859
2047
3252
7830
5782
1590
3924
0605
1814
6294
9468
6958
6568
9427
7730
7882
4780
9991
8167
8140
5661
9541
4948
4768
2243
2132
5936
4380
0970
7212
8735
4490
7094
5636
7090
9319
0120
7082
6681
3346
4128
1511
5622
9993
8741
4551
2308
7808
0585
5754
